50
150
24 18
48 18
37 32
29 33
35 40
19 31
24 21
20 19
42 24
43 18
35 19
13 21
32 2
18 19
42 50
39 31
34 39
50 12
12 48
43 50
18 13
29 24
5 40
31 40
42 20
48 34
20 13
43 37
6 21
50 38
13 50
35 18
18 29
35 24
13 20
50 35
12 18
29 13
21 43
6 42
18 20
12 20
39 20
42 32
37 32
50 48
41 40
37 6
50 29
19 21
18 50
40 39
38 5
41 42
19 42
34 12
2 19
2 37
50 21
19 13
19 31
35 43
33 34
21 34
29 38
12 31
39 21
50 20
39 40
33 40
42 2
18 38
34 48
34 10
42 23
6 9
8 28
23 46
4 47
15 17
7 49
46 25
16 23
16 28
7 47
25 14
15 45
49 17
1 47
7 49
1 44
14 22
9 36
47 44
44 17
9 4
30 4
15 3
11 10
7 26
28 11
15 9
9 17
9 47
16 28
17 28
4 45
15 27
36 16
9 28
16 45
27 9
45 23
23 25
4 36
27 1
26 27
47 45
15 9
30 28
10 47
3 22
3 11
26 8
8 15
9 26
28 47
47 11
15 10
44 46
9 22
16 23
23 49
4 1
30 11
25 17
36 30
26 47
10 9
27 10
3 22
25 22
47 1
8 15
23 45
30 15
1 14
15 36
16 7
15 47
