500
3500
115 285 
210 315 
295 342 
410 352 
201 452 
168 267 
267 135 
317 250 
4 91 
492 13 
158 116 
128 478 
146 377 
253 193 
50 81 
234 85 
135 372 
246 165 
313 471 
24 187 
205 313 
61 240 
171 226 
436 48 
479 240 
268 402 
277 384 
479 60 
272 247 
476 60 
289 285 
336 452 
396 326 
301 463 
77 268 
166 243 
226 472 
115 31 
204 165 
164 431 
427 253 
353 204 
479 272 
221 234 
67 477 
141 131 
309 377 
436 230 
8 396 
130 169 
352 277 
243 346 
383 316 
477 298 
418 498 
42 227 
180 77 
275 171 
40 108 
372 274 
351 187 
250 38 
485 371 
91 357 
132 172 
229 369 
289 199 
249 221 
301 328 
206 172 
284 296 
39 140 
173 26 
274 243 
48 479 
70 161 
109 229 
88 326 
47 369 
88 289 
150 110 
204 275 
82 17 
173 171 
177 24 
70 369 
289 195 
26 101 
344 85 
210 7 
391 42 
498 170 
33 235 
452 433 
155 88 
45 24 
478 28 
371 61 
159 201 
470 402 
49 57 
80 93 
80 319 
425 341 
296 452 
374 323 
161 91 
250 88 
436 203 
161 337 
195 275 
93 226 
313 436 
91 376 
341 7 
472 371 
396 170 
230 7 
263 133 
258 412 
133 194 
334 187 
210 193 
165 485 
353 443 
372 467 
101 57 
32 189 
443 45 
431 485 
109 463 
83 315 
373 317 
272 436 
245 317 
482 38 
171 492 
67 385 
149 172 
182 135 
42 384 
425 463 
498 383 
263 315 
201 236 
383 17 
8 131 
173 32 
258 236 
284 347 
154 175 
384 170 
268 128 
258 464 
431 336 
200 93 
377 234 
146 6 
490 246 
271 258 
373 131 
61 73 
23 157 
227 390 
227 36 
346 124 
486 136 
116 132 
404 205 
199 161 
77 236 
216 467 
442 2 
203 267 
373 442 
425 73 
165 328 
277 204 
498 133 
234 326 
80 102 
490 192 
431 132 
351 204 
15 184 
480 378 
172 184 
170 316 
404 164 
170 33 
250 255 
245 102 
31 467 
246 344 
386 4 
246 364 
279 427 
150 128 
313 133 
279 253 
210 216 
167 201 
472 88 
4 274 
20 82 
488 414 
476 484 
443 498 
141 154 
47 167 
149 230 
169 124 
156 442 
125 263 
49 2 
361 149 
155 195 
396 60 
361 352 
41 81 
377 204 
33 245 
108 180 
390 372 
295 92 
203 452 
210 253 
427 135 
184 11 
43 159 
154 338 
142 433 
57 316 
26 210 
314 498 
385 190 
120 234 
275 169 
436 485 
384 190 
314 404 
184 289 
167 410 
337 98 
402 72 
373 271 
252 187 
46 433 
252 39 
442 353 
110 125 
289 344 
6 65 
253 396 
431 467 
364 141 
251 296 
193 47 
36 488 
177 182 
472 24 
464 275 
133 339 
273 337 
15 384 
431 369 
116 31 
23 195 
101 425 
369 376 
57 304 
330 425 
166 116 
253 369 
391 50 
169 384 
245 377 
216 140 
484 352 
478 341 
346 396 
236 120 
492 369 
496 36 
298 156 
164 344 
353 197 
337 48 
436 70 
267 2 
165 65 
285 6 
41 267 
234 77 
174 273 
336 442 
446 87 
15 193 
194 295 
192 340 
328 168 
480 70 
172 164 
210 117 
251 234 
132 443 
412 206 
396 88 
392 173 
156 85 
477 472 
484 342 
347 390 
192 42 
187 101 
17 313 
67 85 
296 319 
117 374 
347 390 
45 467 
498 77 
425 140 
168 172 
142 158 
414 150 
23 157 
117 116 
391 192 
316 8 
98 165 
11 72 
23 243 
337 484 
346 7 
201 334 
101 42 
234 173 
65 133 
298 268 
126 11 
463 81 
158 110 
7 77 
48 171 
346 267 
478 24 
32 157 
310 301 
206 427 
425 187 
45 11 
464 339 
396 184 
452 193 
133 243 
442 250 
480 279 
485 374 
258 49 
392 211 
91 347 
334 279 
378 246 
344 140 
323 469 
342 336 
385 323 
36 234 
60 250 
159 268 
384 36 
13 228 
50 67 
357 436 
464 159 
412 184 
377 12 
337 133 
192 66 
187 277 
194 167 
133 457 
436 120 
378 253 
467 391 
310 132 
87 182 
470 364 
274 471 
346 464 
67 396 
154 174 
304 408 
272 46 
197 361 
195 170 
402 73 
391 330 
194 49 
50 171 
267 175 
125 446 
169 491 
479 427 
346 328 
386 32 
80 120 
169 478 
110 57 
46 236 
41 204 
169 32 
249 344 
230 279 
77 443 
488 479 
469 235 
135 249 
43 36 
8 171 
341 230 
229 110 
171 48 
159 157 
136 200 
316 141 
135 77 
170 480 
192 340 
38 443 
484 108 
247 170 
28 342 
96 341 
313 11 
431 463 
240 310 
155 80 
310 486 
165 164 
340 272 
410 479 
36 140 
161 206 
383 171 
471 491 
158 347 
195 4 
167 195 
77 174 
374 17 
267 156 
472 39 
323 442 
352 361 
28 488 
255 135 
268 392 
240 132 
469 221 
298 109 
81 273 
23 125 
383 467 
284 155 
6 169 
230 357 
317 43 
341 41 
446 377 
26 155 
109 81 
498 250 
228 93 
136 371 
476 412 
467 32 
296 17 
201 171 
478 457 
32 404 
40 172 
15 110 
199 298 
326 277 
77 33 
271 204 
243 91 
245 228 
38 66 
484 274 
40 110 
304 410 
66 149 
206 2 
296 272 
485 36 
126 286 
247 98 
488 357 
275 268 
331 378 
102 240 
492 446 
164 149 
252 377 
184 124 
268 480 
182 42 
246 372 
158 177 
260 47 
210 189 
374 476 
161 23 
331 326 
385 374 
66 173 
116 433 
12 313 
431 221 
376 477 
36 117 
133 150 
42 88 
28 180 
316 277 
369 140 
12 369 
15 50 
498 285 
234 23 
384 135 
4 479 
46 383 
102 91 
50 470 
61 339 
245 167 
184 120 
39 142 
408 277 
65 418 
484 85 
38 286 
13 452 
339 172 
476 433 
480 482 
204 250 
490 314 
390 164 
263 285 
284 314 
175 132 
124 45 
125 252 
192 31 
47 376 
140 77 
376 128 
26 159 
101 213 
357 344 
480 457 
48 383 
130 135 
331 177 
491 124 
130 200 
83 252 
210 61 
410 274 
168 172 
337 206 
184 472 
36 360 
412 92 
360 340 
174 91 
384 194 
228 361 
328 8 
92 275 
80 492 
171 351 
245 116 
228 199 
116 323 
189 336 
469 201 
116 57 
391 49 
77 102 
360 88 
342 268 
155 38 
80 226 
141 49 
249 371 
136 255 
331 296 
149 452 
49 136 
82 36 
150 443 
42 23 
189 19 
484 149 
204 252 
12 337 
205 203 
304 131 
170 41 
109 172 
342 109 
46 364 
386 133 
150 477 
203 141 
180 386 
77 304 
125 88 
337 204 
470 274 
353 330 
32 391 
72 251 
369 431 
490 452 
228 72 
57 12 
161 88 
360 286 
199 396 
166 271 
390 171 
187 141 
158 319 
486 471 
461 47 
491 360 
81 279 
91 49 
235 275 
8 371 
192 289 
338 180 
279 180 
131 40 
11 184 
418 338 
73 192 
337 17 
197 236 
392 236 
246 136 
414 373 
33 2 
8 221 
376 412 
442 476 
374 425 
87 255 
96 83 
314 26 
189 230 
115 301 
124 40 
339 482 
384 315 
120 286 
446 491 
492 245 
88 184 
135 364 
2 161 
275 353 
314 193 
296 7 
189 408 
457 193 
171 192 
272 135 
457 296 
157 42 
384 301 
234 180 
476 240 
213 386 
193 108 
378 24 
150 190 
371 485 
249 23 
263 211 
23 211 
77 404 
67 433 
431 175 
364 96 
130 342 
156 275 
170 298 
110 284 
66 496 
31 126 
470 234 
17 482 
203 83 
310 472 
133 66 
77 93 
110 498 
15 157 
319 496 
352 252 
93 304 
351 4 
246 436 
323 326 
436 404 
206 433 
457 268 
443 28 
120 194 
120 174 
498 315 
357 250 
273 197 
433 336 
467 47 
414 404 
315 357 
48 50 
418 159 
482 195 
392 33 
26 284 
67 361 
33 243 
304 38 
402 87 
201 61 
485 146 
414 271 
80 7 
33 446 
46 159 
101 88 
174 316 
125 457 
157 353 
342 2 
124 285 
41 230 
213 57 
479 82 
80 167 
485 4 
98 353 
200 206 
41 463 
171 133 
150 229 
258 396 
6 117 
187 446 
192 390 
230 250 
431 98 
20 433 
230 170 
166 171 
480 117 
170 60 
490 383 
271 268 
369 98 
457 42 
346 243 
17 60 
128 133 
298 357 
347 229 
373 173 
477 461 
13 418 
194 7 
272 40 
249 57 
309 47 
189 378 
344 200 
46 275 
274 141 
361 374 
170 340 
47 43 
45 383 
204 351 
203 476 
128 353 
117 313 
289 32 
194 82 
467 93 
210 431 
319 392 
108 457 
189 328 
319 110 
295 228 
304 182 
201 15 
115 205 
43 93 
326 135 
334 36 
39 11 
402 229 
155 478 
250 414 
13 342 
26 384 
352 19 
154 352 
81 267 
31 271 
477 277 
226 490 
273 216 
457 124 
234 101 
11 254 
88 187 
210 194 
484 410 
476 173 
457 32 
482 286 
169 189 
277 498 
192 285 
170 13 
70 39 
452 331 
126 253 
108 72 
33 260 
190 109 
314 203 
467 158 
92 133 
268 38 
386 286 
457 173 
319 47 
82 36 
135 200 
484 206 
314 267 
39 234 
402 463 
337 149 
377 91 
4 230 
364 253 
383 87 
150 125 
383 351 
386 120 
187 190 
319 199 
267 150 
351 172 
182 150 
117 36 
341 19 
23 463 
12 161 
301 309 
77 376 
57 125 
446 404 
82 23 
323 6 
12 274 
235 132 
154 210 
155 65 
65 301 
141 87 
87 81 
87 98 
124 377 
203 19 
120 187 
235 471 
26 491 
88 6 
268 31 
197 125 
476 184 
386 371 
204 315 
108 341 
98 250 
194 490 
402 331 
352 498 
46 254 
478 140 
124 344 
83 13 
4 49 
263 457 
234 340 
339 203 
83 336 
404 130 
2 108 
141 425 
484 7 
19 77 
492 396 
296 135 
234 471 
351 353 
477 279 
412 170 
477 167 
364 463 
15 412 
384 167 
374 184 
36 234 
315 40 
110 150 
158 316 
32 36 
93 284 
442 168 
109 26 
172 19 
404 166 
47 443 
93 408 
364 396 
452 61 
235 402 
390 286 
45 452 
491 391 
228 391 
38 77 
277 140 
125 250 
15 344 
304 77 
296 315 
390 42 
169 60 
240 277 
135 272 
482 161 
60 204 
67 249 
482 249 
140 146 
247 93 
115 374 
174 77 
81 24 
170 28 
132 339 
351 13 
88 490 
159 108 
40 470 
39 133 
85 412 
229 258 
285 339 
132 199 
155 102 
353 192 
48 480 
484 88 
23 130 
250 39 
310 182 
340 236 
427 480 
433 199 
342 289 
471 361 
200 216 
61 8 
150 60 
131 485 
157 491 
469 175 
42 433 
402 360 
102 20 
221 472 
404 273 
341 132 
326 279 
310 131 
314 91 
110 82 
467 289 
486 164 
20 193 
331 330 
471 298 
110 240 
235 65 
50 245 
452 83 
331 173 
271 402 
477 369 
169 199 
236 140 
346 410 
476 189 
263 117 
171 39 
442 166 
81 482 
486 227 
180 67 
245 476 
173 338 
361 471 
124 391 
295 298 
236 175 
156 298 
81 102 
268 226 
158 20 
87 182 
120 170 
357 165 
146 49 
284 373 
116 442 
360 7 
285 274 
19 284 
200 57 
146 194 
66 227 
8 268 
190 274 
26 48 
328 484 
480 391 
13 498 
11 252 
251 254 
285 369 
268 133 
93 159 
93 470 
166 360 
80 330 
182 408 
313 161 
298 326 
159 309 
357 60 
372 110 
373 102 
117 260 
98 141 
221 110 
128 73 
425 234 
88 482 
471 130 
57 227 
273 418 
383 46 
443 471 
174 204 
496 164 
132 165 
272 470 
40 402 
32 87 
142 187 
187 157 
45 73 
360 334 
131 457 
275 245 
40 271 
169 304 
255 135 
491 211 
109 478 
28 338 
496 15 
194 126 
47 192 
184 190 
392 184 
464 319 
357 141 
457 161 
150 330 
376 60 
82 284 
272 175 
205 274 
159 96 
33 61 
289 93 
254 336 
392 361 
96 182 
336 255 
250 351 
271 431 
408 155 
376 301 
383 20 
167 386 
7 206 
471 253 
496 23 
234 431 
189 24 
42 488 
116 464 
149 169 
120 376 
372 371 
341 330 
446 296 
164 316 
246 205 
304 361 
133 369 
272 310 
166 490 
480 271 
372 255 
66 240 
374 172 
372 173 
496 227 
357 457 
96 490 
479 87 
273 12 
383 42 
433 243 
156 486 
28 158 
410 180 
385 32 
351 46 
96 24 
182 60 
193 492 
175 486 
385 87 
60 140 
49 490 
326 337 
19 184 
73 60 
408 204 
461 263 
484 492 
340 484 
251 391 
309 87 
328 271 
40 344 
277 6 
175 476 
149 180 
110 412 
258 203 
249 43 
161 336 
247 39 
83 361 
254 433 
344 240 
140 47 
88 316 
116 133 
172 12 
250 373 
285 133 
404 310 
85 337 
467 337 
227 316 
101 310 
443 342 
364 227 
467 476 
377 87 
172 298 
342 340 
48 271 
490 498 
467 339 
314 102 
33 383 
442 72 
210 142 
192 161 
229 85 
43 40 
385 285 
357 247 
67 20 
82 457 
41 11 
273 159 
309 344 
41 228 
13 36 
12 164 
436 326 
190 167 
364 117 
171 296 
485 216 
328 155 
67 461 
471 436 
135 372 
67 425 
472 227 
284 211 
338 165 
136 478 
61 263 
43 330 
87 206 
200 140 
392 464 
57 442 
285 482 
331 310 
155 168 
32 272 
156 169 
213 431 
92 210 
156 277 
168 477 
73 8 
194 40 
364 272 
161 49 
228 205 
159 383 
427 184 
289 182 
154 32 
250 133 
247 158 
247 342 
211 146 
130 184 
480 182 
331 369 
39 351 
46 65 
496 228 
57 272 
190 482 
166 314 
32 492 
192 141 
374 492 
240 386 
210 180 
154 136 
461 161 
301 274 
427 485 
87 228 
50 351 
60 404 
227 140 
274 15 
83 316 
357 313 
132 83 
357 155 
12 211 
339 418 
479 40 
252 479 
41 384 
172 467 
479 267 
396 46 
60 319 
477 216 
17 49 
117 304 
228 23 
154 161 
197 170 
336 240 
396 289 
372 4 
298 136 
485 213 
360 383 
491 200 
204 463 
476 128 
414 57 
11 446 
197 205 
252 93 
167 228 
341 452 
240 338 
346 251 
32 431 
213 23 
210 442 
146 498 
323 275 
28 45 
173 301 
19 313 
203 125 
31 8 
28 319 
2 351 
498 289 
125 317 
412 8 
57 39 
189 98 
323 390 
128 330 
156 149 
6 146 
234 131 
50 480 
296 39 
392 443 
46 116 
461 353 
150 102 
205 50 
254 39 
205 402 
484 211 
48 341 
496 328 
96 383 
260 93 
323 476 
254 109 
46 342 
396 371 
80 253 
142 88 
263 173 
236 408 
174 150 
427 392 
91 184 
373 125 
385 171 
337 436 
427 83 
339 323 
192 314 
498 108 
41 372 
42 478 
61 267 
384 115 
175 304 
116 87 
128 309 
374 396 
213 323 
39 251 
271 130 
159 32 
48 298 
161 230 
341 197 
344 170 
274 352 
187 488 
108 149 
338 184 
484 132 
476 410 
351 32 
172 126 
347 187 
49 313 
385 115 
492 330 
189 313 
344 85 
211 23 
31 201 
83 197 
13 166 
128 385 
158 391 
246 337 
469 128 
136 372 
351 73 
364 472 
206 336 
173 326 
472 194 
70 108 
472 470 
187 109 
330 8 
93 57 
479 492 
301 210 
446 81 
446 472 
140 133 
255 491 
197 204 
414 182 
482 476 
295 234 
353 161 
484 195 
6 17 
463 49 
170 477 
271 169 
40 254 
414 28 
206 476 
135 92 
155 443 
108 130 
28 166 
490 159 
180 206 
135 120 
260 326 
236 314 
195 13 
41 132 
274 48 
93 187 
252 286 
431 66 
464 228 
24 230 
195 341 
166 286 
258 425 
43 234 
6 234 
184 23 
126 251 
12 480 
155 175 
180 140 
386 166 
150 80 
442 313 
126 496 
82 461 
246 249 
347 386 
19 226 
461 146 
82 228 
384 478 
226 351 
38 236 
267 161 
286 386 
246 205 
296 351 
240 80 
258 92 
33 442 
57 177 
108 315 
396 110 
228 158 
141 236 
431 136 
170 315 
226 310 
2 369 
342 467 
120 115 
228 42 
24 182 
246 418 
125 295 
446 235 
205 171 
39 385 
150 6 
338 39 
199 319 
171 81 
175 289 
470 235 
235 174 
279 31 
301 342 
109 336 
26 149 
277 336 
277 172 
12 479 
77 360 
391 471 
240 195 
323 174 
289 285 
201 446 
285 108 
65 33 
425 315 
23 247 
492 314 
469 170 
205 258 
229 126 
408 476 
227 295 
390 33 
116 194 
28 273 
45 347 
43 23 
272 6 
236 373 
135 101 
361 42 
192 157 
50 378 
77 203 
150 126 
255 169 
277 337 
195 201 
301 190 
48 268 
246 347 
124 386 
274 45 
11 12 
83 87 
47 247 
110 48 
96 67 
431 128 
24 357 
192 203 
161 274 
67 115 
404 210 
4 341 
77 372 
316 337 
472 157 
412 140 
338 254 
77 48 
228 81 
442 314 
195 352 
309 124 
140 173 
464 23 
251 328 
408 193 
43 201 
6 46 
170 102 
226 124 
80 408 
376 402 
316 165 
253 221 
166 295 
172 33 
247 46 
177 263 
83 92 
402 172 
80 210 
203 341 
12 488 
374 173 
236 251 
328 384 
157 172 
60 184 
33 57 
83 328 
229 301 
353 36 
298 364 
364 210 
442 33 
93 125 
339 110 
167 339 
88 467 
61 38 
230 171 
263 376 
85 392 
418 211 
357 336 
43 131 
70 331 
197 336 
298 182 
491 371 
408 314 
150 88 
480 229 
201 177 
128 102 
464 199 
32 184 
6 155 
472 24 
135 200 
328 336 
353 201 
491 169 
245 273 
93 65 
67 377 
91 195 
234 391 
298 216 
414 91 
461 301 
141 42 
73 15 
461 427 
304 204 
314 66 
490 171 
383 87 
36 464 
340 49 
442 73 
243 195 
17 436 
457 488 
309 452 
36 376 
402 135 
13 47 
158 83 
140 19 
41 476 
480 15 
175 245 
150 187 
195 146 
197 26 
226 309 
32 189 
328 108 
230 271 
351 194 
253 245 
402 132 
98 41 
67 386 
92 463 
279 271 
310 418 
109 402 
492 172 
342 243 
36 260 
340 140 
498 344 
189 115 
213 115 
43 286 
364 6 
372 476 
274 180 
2 433 
173 109 
254 73 
101 116 
50 192 
323 485 
180 330 
328 30 
478 262 
87 238 
132 37 
341 35 
410 398 
101 381 
410 365 
194 483 
150 112 
190 426 
436 9 
472 429 
206 223 
48 138 
323 455 
377 365 
383 454 
77 288 
88 59 
200 348 
192 333 
201 305 
36 276 
339 413 
431 459 
314 494 
431 451 
96 51 
472 417 
192 105 
36 388 
255 349 
167 239 
88 18 
364 138 
296 459 
346 387 
227 143 
469 335 
157 359 
7 475 
488 63 
250 106 
65 233 
452 288 
102 37 
195 51 
351 95 
175 237 
157 280 
486 450 
38 325 
328 430 
205 137 
93 500 
149 3 
467 489 
487 122 
302 397 
222 318 
426 185 
113 355 
448 294 
214 217 
113 293 
99 145 
183 324 
388 398 
79 69 
208 34 
473 325 
389 292 
416 350 
3 30 
389 305 
397 415 
294 493 
435 62 
269 303 
148 302 
129 473 
99 242 
198 468 
381 288 
129 349 
112 118 
282 441 
421 430 
147 262 
282 449 
241 214 
208 95 
148 178 
27 224 
483 144 
5 423 
64 435 
112 282 
259 63 
420 160 
283 368 
305 440 
444 22 
114 345 
445 212 
454 468 
281 465 
127 64 
122 495 
440 426 
434 207 
188 163 
233 107 
151 217 
266 214 
321 148 
335 261 
74 269 
145 333 
233 281 
379 497 
78 104 
324 481 
430 55 
387 363 
282 37 
318 129 
363 207 
30 18 
445 18 
138 113 
459 441 
389 185 
207 321 
27 58 
437 123 
68 397 
224 114 
362 444 
335 382 
318 439 
420 62 
458 111 
321 450 
138 456 
104 483 
499 76 
44 231 
137 30 
430 270 
494 428 
363 162 
266 54 
269 188 
99 419 
259 95 
458 208 
398 497 
119 429 
69 281 
123 220 
224 318 
420 265 
401 293 
495 423 
393 111 
405 291 
219 176 
450 18 
455 335 
123 139 
215 111 
327 456 
447 432 
375 151 
178 423 
14 322 
217 320 
259 500 
422 181 
55 231 
345 233 
56 495 
497 76 
493 139 
266 21 
148 350 
422 69 
365 232 
209 318 
27 401 
474 335 
456 290 
292 456 
447 198 
94 163 
78 163 
237 10 
137 453 
459 499 
86 37 
434 113 
264 207 
14 370 
34 266 
397 176 
269 129 
162 335 
212 22 
58 324 
432 321 
30 389 
400 423 
100 119 
348 429 
106 198 
423 208 
58 9 
220 389 
90 100 
86 147 
424 18 
454 407 
329 400 
448 242 
332 51 
297 405 
107 5 
447 429 
465 220 
382 420 
147 460 
388 233 
52 79 
224 417 
145 239 
223 78 
212 460 
58 231 
257 151 
78 403 
37 290 
270 34 
449 305 
450 320 
100 450 
311 137 
22 137 
332 450 
409 220 
445 143 
56 214 
3 497 
453 78 
303 397 
129 208 
79 265 
459 483 
409 455 
261 106 
400 403 
113 434 
287 86 
89 265 
393 69 
68 51 
25 183 
188 202 
332 465 
114 294 
348 207 
441 365 
224 481 
434 54 
5 370 
290 411 
113 445 
409 350 
459 233 
232 105 
343 269 
324 343 
322 329 
118 123 
179 95 
495 145 
179 202 
152 52 
318 95 
388 297 
121 432 
30 22 
291 409 
207 358 
148 121 
119 350 
208 270 
401 248 
71 368 
368 3 
398 270 
224 355 
403 261 
3 113 
320 123 
232 1 
69 403 
500 438 
292 428 
415 100 
355 419 
259 308 
409 232 
71 84 
100 191 
335 287 
403 188 
430 305 
188 447 
363 455 
411 186 
481 181 
207 148 
327 22 
51 209 
345 455 
208 475 
118 152 
179 430 
359 137 
324 399 
325 225 
22 437 
55 454 
428 283 
225 409 
320 321 
389 144 
214 137 
290 114 
138 306 
103 89 
291 143 
387 462 
78 119 
451 439 
219 308 
333 450 
106 147 
276 459 
365 355 
465 215 
435 345 
90 456 
152 22 
153 312 
14 262 
119 456 
454 265 
232 223 
473 306 
312 68 
441 332 
397 308 
34 489 
191 220 
259 219 
121 35 
494 119 
454 262 
153 188 
481 379 
239 292 
176 458 
297 188 
487 394 
290 276 
69 435 
388 259 
456 426 
52 407 
215 413 
145 94 
354 462 
237 215 
54 354 
59 112 
52 209 
75 29 
76 450 
460 224 
303 143 
123 327 
400 422 
458 302 
474 325 
400 335 
388 363 
237 493 
186 422 
217 489 
453 444 
405 153 
231 343 
153 30 
144 196 
406 256 
114 219 
300 178 
420 37 
493 324 
209 145 
55 280 
207 333 
100 409 
321 287 
225 95 
400 362 
487 407 
16 231 
420 148 
379 232 
421 52 
207 147 
106 14 
305 354 
291 198 
428 401 
52 212 
99 202 
106 25 
355 256 
202 308 
244 454 
350 287 
382 445 
153 191 
143 134 
35 281 
483 239 
308 356 
163 393 
365 137 
137 487 
423 305 
86 458 
202 78 
259 68 
354 3 
368 400 
423 370 
406 232 
324 281 
261 121 
406 495 
259 162 
327 261 
56 144 
209 14 
368 119 
280 64 
3 262 
407 21 
69 333 
84 3 
58 1 
420 143 
144 481 
327 148 
224 329 
430 282 
329 113 
114 9 
291 137 
280 84 
444 238 
422 74 
64 223 
55 52 
406 256 
293 44 
114 406 
52 405 
148 202 
322 388 
186 52 
119 497 
398 219 
270 25 
424 69 
329 121 
264 269 
466 264 
74 441 
375 162 
259 290 
363 422 
388 345 
456 367 
345 237 
500 114 
264 293 
188 78 
380 18 
356 137 
500 63 
387 343 
437 419 
264 163 
366 10 
27 302 
104 122 
16 153 
389 153 
451 21 
382 186 
64 186 
181 327 
196 160 
497 79 
460 56 
137 348 
299 276 
10 300 
74 151 
401 181 
178 288 
466 56 
112 362 
207 103 
487 176 
137 76 
329 348 
494 123 
53 367 
445 409 
444 420 
460 22 
198 281 
103 129 
122 465 
248 134 
134 114 
325 78 
407 405 
1 325 
256 44 
318 366 
420 473 
375 25 
415 29 
122 389 
122 239 
59 237 
405 473 
305 449 
318 186 
148 270 
191 63 
297 35 
71 387 
419 29 
185 303 
499 16 
163 261 
225 311 
219 29 
362 18 
121 138 
137 97 
107 207 
302 300 
21 145 
123 217 
191 99 
434 281 
363 237 
209 459 
415 219 
381 202 
51 191 
321 494 
241 56 
368 293 
454 327 
368 105 
299 494 
78 450 
225 307 
239 441 
300 153 
447 356 
399 148 
219 185 
468 432 
355 291 
380 94 
370 448 
394 25 
208 475 
349 456 
34 208 
465 145 
181 186 
259 256 
138 349 
422 147 
270 94 
438 475 
99 439 
100 84 
281 212 
27 89 
10 100 
292 79 
21 495 
208 434 
327 233 
107 444 
134 242 
198 22 
306 137 
406 428 
497 419 
423 283 
94 475 
202 409 
420 437 
134 86 
438 500 
179 465 
21 9 
270 348 
345 37 
287 27 
261 62 
462 489 
112 368 
123 305 
196 483 
354 217 
123 459 
450 400 
10 438 
460 453 
324 63 
14 447 
395 358 
106 434 
241 460 
455 422 
18 53 
368 454 
406 113 
348 311 
222 162 
426 388 
34 395 
58 355 
185 266 
283 419 
305 358 
389 185 
237 405 
294 178 
327 134 
100 248 
489 350 
419 420 
307 196 
176 432 
212 225 
303 465 
332 493 
432 281 
388 409 
307 299 
411 475 
343 55 
215 266 
434 103 
134 35 
118 434 
25 241 
280 244 
14 68 
105 264 
208 362 
242 282 
69 215 
134 291 
456 413 
406 495 
103 264 
75 382 
454 217 
220 58 
294 426 
18 75 
494 290 
75 239 
143 129 
278 393 
321 127 
241 460 
381 421 
439 118 
223 283 
278 21 
406 299 
363 489 
56 312 
16 437 
367 292 
375 409 
97 152 
153 394 
434 437 
455 222 
375 430 
473 181 
196 422 
288 401 
403 104 
54 462 
398 262 
473 308 
97 281 
405 223 
473 327 
332 105 
114 233 
112 16 
215 212 
58 380 
500 163 
248 51 
233 423 
332 10 
327 54 
153 118 
198 283 
160 163 
64 3 
409 127 
217 370 
208 421 
441 450 
305 432 
366 18 
308 215 
468 127 
266 421 
380 137 
363 422 
64 416 
224 416 
322 293 
16 266 
388 420 
223 322 
97 143 
144 94 
483 208 
495 363 
121 387 
225 348 
122 417 
181 1 
399 389 
225 332 
411 183 
398 160 
453 387 
497 444 
449 225 
148 34 
450 495 
58 113 
474 297 
113 186 
451 97 
282 144 
465 303 
417 196 
300 138 
151 362 
345 185 
312 455 
343 186 
214 437 
311 222 
382 299 
416 51 
428 54 
248 79 
416 224 
95 297 
438 137 
152 74 
118 462 
244 183 
438 89 
366 445 
107 208 
37 422 
58 209 
327 428 
375 363 
281 104 
497 261 
264 333 
278 421 
208 51 
435 366 
399 144 
332 30 
259 405 
333 335 
114 191 
439 451 
151 147 
35 424 
455 75 
440 209 
225 179 
30 129 
399 89 
494 262 
345 292 
186 444 
382 90 
269 89 
281 53 
406 455 
325 5 
324 297 
321 59 
281 370 
438 422 
14 153 
318 362 
400 405 
1 244 
493 148 
428 444 
297 52 
219 86 
95 217 
403 456 
21 459 
222 465 
308 292 
318 439 
367 27 
18 382 
104 308 
432 51 
445 324 
186 97 
1 458 
308 423 
375 407 
127 186 
1 248 
179 233 
345 406 
178 265 
475 222 
398 397 
3 151 
318 3 
148 291 
104 74 
430 14 
97 358 
362 160 
333 58 
179 487 
232 362 
51 494 
389 261 
97 356 
111 453 
397 29 
75 257 
89 332 
185 481 
215 407 
198 119 
215 300 
105 500 
256 106 
78 466 
438 105 
103 86 
493 497 
202 62 
421 420 
287 176 
118 99 
322 224 
224 434 
398 419 
311 100 
481 232 
329 148 
152 394 
435 327 
95 257 
248 356 
34 291 
191 105 
434 415 
147 239 
499 335 
401 10 
447 218 
44 393 
257 293 
288 259 
349 430 
147 375 
465 100 
474 300 
281 325 
231 421 
202 147 
218 406 
409 399 
400 440 
143 292 
55 445 
393 144 
363 239 
9 395 
439 224 
293 163 
202 106 
366 493 
421 438 
214 233 
437 474 
212 113 
354 499 
248 419 
223 257 
3 458 
86 324 
79 244 
269 493 
449 21 
179 86 
196 483 
320 239 
303 389 
58 264 
483 398 
320 215 
419 3 
321 489 
368 107 
409 3 
397 453 
294 406 
265 218 
419 183 
497 186 
454 474 
359 281 
94 333 
209 212 
44 459 
181 440 
134 451 
257 181 
367 118 
34 269 
127 302 
269 438 
397 487 
455 224 
248 401 
459 444 
198 94 
54 68 
35 54 
112 202 
430 233 
52 16 
333 121 
355 56 
381 176 
434 238 
348 292 
137 460 
329 123 
30 333 
456 299 
112 424 
388 311 
308 257 
76 105 
367 413 
64 90 
225 368 
487 266 
475 44 
398 264 
354 21 
29 358 
162 438 
300 454 
494 219 
5 238 
348 111 
10 437 
368 99 
21 100 
475 94 
18 312 
104 18 
30 367 
489 122 
105 257 
447 264 
256 18 
123 241 
424 151 
261 37 
429 224 
434 269 
242 68 
148 366 
281 290 
432 89 
468 324 
429 276 
358 303 
237 198 
51 186 
428 287 
294 145 
76 395 
27 324 
103 181 
428 400 
220 55 
145 432 
44 248 
439 51 
370 444 
413 104 
147 53 
5 318 
429 14 
218 394 
475 440 
18 209 
462 219 
79 162 
89 355 
107 233 
138 79 
387 281 
434 220 
84 407 
300 368 
259 207 
420 325 
311 450 
444 350 
261 147 
430 363 
162 454 
68 300 
220 99 
208 320 
434 94 
100 10 
196 370 
358 413 
79 209 
3 432 
299 129 
456 449 
297 395 
297 493 
350 84 
500 163 
212 139 
143 302 
262 217 
113 379 
422 406 
219 468 
429 54 
335 53 
176 264 
407 10 
348 208 
138 499 
438 405 
405 76 
367 5 
178 18 
262 231 
233 495 
401 188 
411 356 
95 223 
99 411 
100 143 
95 297 
104 350 
322 113 
327 237 
86 181 
495 280 
451 94 
58 53 
248 363 
119 222 
248 308 
99 51 
29 163 
367 430 
118 483 
397 139 
145 212 
256 222 
292 21 
282 475 
290 348 
69 362 
278 186 
407 399 
379 44 
90 307 
312 500 
281 25 
292 367 
466 294 
145 450 
113 219 
474 424 
458 474 
483 265 
280 118 
219 214 
265 423 
368 59 
466 415 
218 225 
89 359 
261 332 
466 30 
97 343 
152 56 
84 348 
325 406 
429 417 
343 333 
214 303 
350 379 
306 366 
188 239 
208 198 
220 394 
44 451 
322 59 
95 379 
114 181 
409 97 
460 223 
409 454 
459 281 
462 354 
324 5 
405 35 
291 444 
1 233 
224 297 
112 256 
151 16 
97 481 
137 305 
292 244 
437 439 
287 137 
481 327 
78 237 
264 370 
348 55 
35 44 
415 481 
64 265 
3 401 
483 105 
465 183 
419 365 
58 437 
426 312 
460 451 
215 122 
105 335 
69 237 
435 215 
333 35 
318 401 
278 118 
239 458 
293 429 
280 148 
244 494 
423 445 
276 127 
76 191 
18 451 
16 441 
456 185 
215 113 
259 451 
104 55 
237 415 
220 370 
438 123 
306 489 
432 127 
466 445 
94 64 
499 465 
71 327 
84 449 
207 311 
324 248 
238 475 
186 366 
321 143 
302 219 
420 356 
90 113 
345 147 
30 16 
481 215 
287 428 
3 419 
454 363 
145 327 
306 178 
499 441 
145 179 
241 407 
387 365 
89 451 
152 453 
434 287 
114 455 
358 112 
104 256 
283 398 
445 358 
332 232 
261 196 
321 348 
417 307 
350 421 
266 499 
379 453 
458 293 
144 237 
71 68 
233 264 
53 111 
27 196 
183 448 
375 217 
428 224 
220 438 
439 287 
398 380 
183 424 
75 365 
191 176 
407 138 
453 388 
9 14 
111 218 
185 423 
208 196 
495 358 
305 223 
35 292 
403 483 
183 139 
293 219 
441 403 
198 111 
139 394 
106 69 
497 219 
430 421 
356 16 
403 198 
394 121 
112 256 
129 395 
144 349 
64 186 
403 306 
394 283 
325 453 
432 105 
248 186 
97 262 
468 215 
487 75 
293 264 
75 30 
113 139 
44 163 
147 411 
220 308 
449 468 
209 256 
224 233 
176 305 
276 468 
422 123 
495 37 
233 241 
350 322 
74 450 
345 426 
220 223 
495 107 
22 299 
261 151 
54 123 
90 264 
417 95 
113 413 
417 186 
415 64 
144 409 
69 84 
78 238 
324 100 
321 358 
122 264 
362 176 
278 420 
459 56 
139 22 
162 217 
71 432 
306 293 
448 59 
420 387 
438 389 
421 162 
444 335 
350 300 
94 388 
406 212 
375 354 
160 307 
178 359 
37 303 
349 183 
95 299 
494 462 
423 90 
89 58 
375 417 
219 261 
104 444 
380 287 
220 86 
145 432 
51 14 
196 416 
455 499 
474 242 
307 186 
84 99 
333 439 
111 447 
453 439 
363 355 
97 343 
217 365 
325 281 
329 325 
22 413 
9 104 
451 122 
389 269 
497 322 
424 84 
462 417 
106 439 
329 269 
428 320 
303 270 
3 238 
207 21 
405 90 
94 411 
297 248 
224 21 
27 397 
406 29 
297 292 
162 54 
147 241 
290 262 
288 207 
355 129 
413 248 
282 239 
308 500 
118 238 
287 324 
325 103 
208 186 
257 56 
465 138 
287 55 
75 305 
113 122 
359 99 
53 202 
129 388 
148 483 
280 121 
90 393 
448 113 
426 292 
134 238 
22 493 
74 176 
426 214 
29 335 
455 398 
348 281 
393 453 
307 318 
441 56 
266 430 
355 287 
388 207 
416 225 
495 438 
122 343 
219 395 
137 111 
444 429 
196 305 
238 99 
366 406 
335 401 
380 30 
79 207 
14 435 
389 447 
368 217 
432 123 
366 138 
266 129 
445 468 
447 143 
354 444 
188 335 
218 422 
366 44 
231 207 
10 333 
497 455 
387 398 
345 419 
421 459 
147 365 
399 14 
220 10 
320 388 
71 266 
233 160 
322 97 
306 299 
183 139 
403 148 
368 75 
241 459 
160 422 
398 495 
290 294 
238 305 
9 14 
104 324 
208 397 
212 355 
14 333 
118 456 
288 25 
225 401 
362 103 
111 438 
89 435 
354 429 
25 358 
52 104 
62 416 
134 388 
241 499 
178 69 
434 438 
75 94 
398 278 
105 212 
299 103 
138 335 
34 75 
113 181 
466 191 
308 318 
389 18 
281 276 
208 302 
379 162 
397 349 
308 232 
481 306 
59 379 
287 421 
220 439 
308 1 
84 209 
244 462 
420 405 
359 90 
248 53 
426 455 
264 196 
483 58 
58 37 
266 281 
185 186 
453 398 
25 450 
421 375 
375 138 
78 333 
59 232 
103 283 
68 219 
134 465 
375 30 
426 381 
429 322 
400 465 
362 68 
224 449 
406 69 
481 312 
395 475 
248 183 
278 456 
421 3 
71 421 
487 453 
489 300 
400 327 
147 10 
287 118 
415 432 
453 428 
95 348 
97 54 
335 134 
223 76 
483 151 
437 198 
151 358 
9 111 
426 256 
64 198 
55 305 
456 312 
59 473 
89 292 
74 217 
318 365 
362 62 
121 416 
196 489 
293 280 
147 84 
426 51 
99 107 
460 29 
455 62 
239 35 
239 287 
468 248 
375 415 
147 63 
21 127 
398 52 
218 500 
474 393 
207 308 
270 292 
68 422 
294 407 
56 25 
222 86 
106 293 
35 306 
134 413 
95 179 
218 381 
58 37 
188 259 
51 439 
34 134 
318 143 
232 215 
100 406 
112 407 
407 458 
302 224 
450 419 
325 76 
269 300 
218 500 
406 429 
493 293 
78 153 
465 163 
473 112 
231 306 
191 269 
451 71 
231 181 
453 51 
455 489 
137 327 
1 121 
466 489 
118 458 
248 438 
261 74 
435 62 
74 435 
426 143 
153 354 
114 307 
459 217 
121 188 
256 198 
191 10 
186 259 
153 121 
306 474 
419 122 
259 495 
291 417 
416 104 
113 118 
312 322 
208 465 
474 269 
302 84 
198 380 
219 400 
222 332 
493 329 
16 223 
123 51 
143 100 
468 56 
358 69 
237 444 
84 432 
305 422 
449 426 
86 52 
451 438 
406 208 
106 499 
281 58 
411 466 
220 113 
129 162 
400 181 
113 458 
162 5 
1 441 
281 487 
35 145 
122 497 
407 278 
94 207 
370 212 
270 393 
481 107 
350 143 
349 350 
441 458 
388 138 
294 388 
84 94 
462 188 
333 37 
181 51 
494 34 
362 281 
303 138 
56 462 
86 276 
350 444 
406 343 
348 380 
432 370 
497 294 
359 448 
75 302 
55 474 
495 104 
403 460 
181 18 
302 106 
422 215 
321 290 
405 265 
237 333 
400 291 
306 394 
288 44 
191 370 
35 440 
18 407 
121 208 
5 100 
420 325 
493 89 
489 145 
382 308 
55 426 
499 424 
439 367 
59 74 
434 79 
105 239 
305 215 
58 222 
219 287 
207 307 
89 14 
113 474 
51 103 
413 395 
444 212 
262 137 
355 225 
191 238 
375 212 
1 51 
103 134 
138 455 
413 278 
185 495 
129 207 
244 294 
137 292 
451 114 
16 447 
